%YAML:1.0
---
image_width: 640
image_height: 480
camera_matrix: !!opencv-matrix
   rows: 3
   cols: 3
   dt: f
   data: [ 6.97724060e+02, 0., 3.15740997e+02, 0., 6.85795593e+02,
       2.30121780e+02, 0., 0., 1. ]
distortion_coefficients: !!opencv-matrix
   rows: 1
   cols: 5
   dt: f
   data: [ 1.83331460e-01, -8.49274457e-01, -7.50108901e-03,
       -4.74258093e-03, 1.06952369e+00 ]
