%YAML:1.0
---
image_width: 640
image_height: 480
camera_matrix: !!opencv-matrix
   rows: 3
   cols: 3
   dt: f
   data: [ 8.29822876e+02, 0., 3.30795807e+02, 0., 8.35410217e+02,
       2.05633163e+02, 0., 0., 1. ]
distortion_coefficients: !!opencv-matrix
   rows: 1
   cols: 5
   dt: f
   data: [ -6.42953664e-02, 6.62385583e-01, -1.10080913e-02,
       -2.20285426e-03, -1.51632071e+00 ]
